
 2003000
 2003000
 2003000
 2003000
 2003000
 2003000
 2003000
 2003000
 2003000
 2003000
 2003000
 2003000
 2003000
 2003000
 2003000
 2003000
 2003000
 2003000
 2003000
 2003000
 2003000
 2003000
 2003000
 2003000
 2003000
 2003000
 2003000
 2003000
 2003000
 2003000
 2003000
 2003000
 2003000
 2003000
 2003000
 2003000
 2003000
 2003000
 2003000
 2003000
 2003000
 2003000
 2003000
 2003000
 2003000
 2003000
 2003000
 2003000
 2003000
 2003000
 2003000
 2003000
 2003000
 2003000
 2003000
 2003000
 2003000
 2003000
 2003000
 2003000
 2003000
 2003000
 2003000
 2003000
 2003000
 2003000
 2003000
 2003000
 2003000
 2003000
 2003000
 2003000
 2003000
 2003000
 2003000
 2003000
 2003000
 2003000
 2003000
 2003000
 2003000
 2003000
 2003000
 2003000
 2003000
 2003000
 2003000
 2003000
 2003000
 2003000
 2003000
 2003000
 2003000
 2003000
 2003000
 2003000
 2003000
 2003000
 2003000
 2003000
 2003000
 2003000
 2003000
 2003000
 2003000
 2003000
 2003000
 2003000
 2003000
 2003000
 2003000
 2003000
 2003000
 20030